4976
12062
5492
1605
2339
3902
3265
5779
6087
4877
9302
11557
6696
10228
8875
4623
11718
109
3325
11212
5183
3919
4700
9253
11572
6318
6780
8976
13
11891
6180
8854
11231
2135
9148
303
226
4930
1040
9006
11154
1929
10811
6043
338
12318
2717
3962
9017
4981
3964
4515
5950
2207
11957
3195
7637
7013
11524
1318
9324
6096
10373
9519
8662
3345
9762
5893
312
11990
9374
1455
6274
12346
11364
4786
4266
6137
9321
11779
5717
652
7201
11329
5254
12103
2032
11746
3027
11126
12104
11734
7110
3591
538
5346
2445
5632
5723
4743
1789
4736
3365
8145
10986
8309
9951
4324
1854
7247
8692
2290
9026
75
8549
3270
5733
6387
5511
2887
5618
8596
7581
8846
35
6130
9508
4846
1956
909
4719
3922
10450
5354
8288
7705
8391
6340
3191
3581
11996
7634
4689
8661
568
5599
9395
3155
9318
5833
6102
1725
5894
9122
9338
859
3614
11816
2083
7489
5248
10192
8303
10934
10565
11272
4698
1625
8693
10650
2690
11665
6883
4703
7045
11059
3751
11596
4269
2504
4469
5331
6940
10154
9708
6745
4677
896
248
3462
8196
7316
7277
9398
6532
47
4031
9497
9294
8379
5715
5763
8125
8550
8633
112
3899
4764
9325
3012
5298
1810
8950
1756
10606
6181
2939
4647
854
1938
8378
5455
12037
11802
1641
84
5112
5002
11361
9849
11179
9730
4824
5230
6121
6139
4389
3111
12359
3548
8657
4344
4234
355
6215
10122
10403
11347
6890
1684
8493
6935
1279
7543
6197
9344
2218
10366
9665
7243
8794
3535
3563
3761
10775
3369
5830
6732
6415
350
10355
898
9660
5110
1108
1742
4798
5167
9654
1923
862
5954
8206
8634
12205
5437
3061
12144
2162
7870
8972
5937
9198
5880
5258
2324
589
11886
5339
9287
10882
3703
8098
11043
9477
9124
11614
1332
7638
5516
6672
9405
4973
5035
8252
10741
10261
2203
3988
9877
6515
6714
6731
7791
8397
7279
310
7457
712
9264
3395
6679
1100
2124
9538
8033
6378
2747
1947
7763
12013
10147
8896
11692
10207
5509
10954
11449
2599
7349
4479
5688
9482
813
1021
3310
2415
11096
5853
7128
5776
8667
10200
6249
5292
10451
535
4382
5750
10584
1918
2648
1238
2740
11309
10981
4379
155
12274
1708
8552
2677
2229
5614
9352
4362
5877
3480
1739
6046
852
8373
7053
2896
3143
7713
2262
460
11111
6501
8073
1492
9475
5065
6660
11631
3906
4606
9912
7665
5917
5247
4927
5986
10586
3240
6443
6639
8154
12457
4825
4704
2579
3424
11818
4054
6483
2697
1776
11037
4292
4906
935
8065
4679
2025
525
10300
7481
11262
5353
4288
11819
7111
32
9695
8458
9812
11944
6559
11786
4010
11542
1168
4451
8136
2767
4053
8595
4870
11057
824
9303
2632
181
1726
6222
7178
5940
4912
2160
7963
9235
1482
11144
5165
7370
9092
7252
9703
7075
8646
7344
615
5490
1829
1429
3782
11030
2073
2390
11864
3647
11408
5942
321
2798
8195
12116
1820
11663
4886
1782
6073
1865
2180
4508
10968
7473
67
9901
12105
4759
12275
8097
9016
831
5918
1946
6427
2663
58
9348
10391
11171
8384
266
10102
6955
5633
9832
12012
10758
12139
3646
6519
7812
8120
254
9579
5262
8927
9960
11234
12365
8301
11875
5648
11301
9755
6192
4763
9965
4738
5010
9129
3070
4294
570
5639
2618
5305
7080
2662
5487
7667
5739
1289
2888
11125
9327
12244
12418
1496
12453
2592
5667
9317
3421
3712
3858
1462
4201
10917
1165
2416
2521
11362
11443
4501
108
5495
2947
10971
2891
969
7503
881
11342
5196
12308
11980
1385
9410
8910
1326
12406
1894
1505
2206
5881
12384
5928
3040
1785
1787
5467
10808
4
10268
6995
3699
261
8192
6755
7818
3885
436
6216
12038
2917
1925
1284
7054
3090
8939
5846
7521
5901
1666
8359
11728
272
5127
6308
7690
11463
477
8402
607
11548
6447
10592
10809
3411
6707
9137
3333
11098
2281
2605
2451
1516
10035
520
8840
4166
5462
6062
9368
5612
418
3291
10467
10554
11416
10784
395
4144
3425
7680
11866
4242
6637
7541
4643
2585
4895
4654
10601
4690
6106
7894
1873
3987
9054
6063
9576
6453
2726
3689
7830
4091
6713
2613
10339
10358
4306
10356
791
12225
10316
11809
2195
553
9149
5041
44
10777
4183
6589
11637
11823
1435
11269
12412
9528
8663
7102
721
4923
12270
293
3338
1394
11909
4991
406
1713
10070
11339
3609
2353
3848
9679
6793
11082
4156
2750
10401
2169
4281
339
5389
323
6748
1844
12397
801
10091
6814
830
12073
2517
10140
8024
7323
3752
331
3577
10290
9515
4818
10855
4550
11131
12024
8545
8127
2484
10314
3287
5931
2867
691
1341
1294
1327
3903
6493
5567
1207
153
554
9642
9199
4601
1630
948
8238
8386
10254
5497
3677
9452
10836
2136
4994
1528
12164
6429
8229
10222
11865
2573
12290
3098
4385
10963
12119
2680
2257
1182
11513
9794
11217
6898
539
8987
11292
4618
4347
8291
9669
5722
10470
795
9072
10593
4443
12213
2686
7169
11932
4159
6612
2879
6784
5767
3811
7312
3927
3268
7042
8084
9381
10678
5407
3822
66
5257
11076
9733
6922
8526
11931
5027
6174
5885
11467
551
1506
10322
10421
10276
5328
10152
8278
9775
4157
11293
9923
8872
5312
1601
5376
8889
3508
105
3344
9428
10157
1271
6296
11928
2790
12043
7358
4559
10443
9004
1286
6862
9876
12260
5086
2172
9911
182
985
11820
11136
2964
8934
518
8447
1634
3602
12306
10961
8842
8766
10463
2286
5813
2554
6042
3799
9422
815
5253
4815
10522
12049
2772
11581
11047
9223
5765
2388
1350
6510
37
2003
6252
10663
4666
2828
10134
11853
728
1791
3417
11605
1114
11698
2933
5163
3302
5107
5360
4598
10903
851
10397
10071
1772
2908
11876
6946
10415
2841
8068
5228
496
456
9796
5748
10383
7947
10318
11970
2953
8086
5450
2223
3908
9992
6680
12464
10041
9414
6263
8705
4187
3676
6693
1098
10005
4791
3534
6582
10704
10940
10723
8302
7701
452
2781
6445
3777
1728
8801
1147
11118
2246
910
9
2321
11516
4532
7208
11841
10868
1469
11821
7236
5798
143
2300
3743
11032
8670
5982
12055
6590
3028
10616
7712
692
5658
5611
3316
3533
2428
11318
11793
11650
9887
7090
5377
2444
2940
3343
7876
10573
3385
10500
1983
9056
8328
10618
10439
12133
3165
1270
10817
5933
1160
2297
5668
9461
3160
9211
3091
8956
1693
4179
8863
764
12002
5393
2934
1504
10385
3206
1616
3044
8732
9640
8339
10533
5352
11357
1378
5865
7184
11249
10189
6358
6434
6882
7223
11546
4013
9238
2434
8774
2951
4241
12188
4983
600
8632
3654
5800
1522
6041
9707
10046
4564
7857
9254
7188
4096
10370
10434
8509
3806
2427
3933
8527
11738
4929
8870
10449
9413
3081
2285
6669
9431
811
8860
11413
1225
735
11390
6561
6939
734
7814
3319
10280
5638
5285
1808
5520
1273
12230
5081
8520
3947
7087
3880
12232
7948
2844
10676
11867
7731
3626
11009
7797
5908
9263
11997
8264
12170
3131
12393
3854
1012
198
10162
5684
3634
4115
5519
9099
789
6334
715
995
4396
2123
11726
100
3446
6494
7905
7607
10863
2191
1409
3946
4410
11192
1754
11708
11132
1320
6560
1735
2062
2096
10851
12320
10169
8979
6437
4803
12434
9859
3366
4781
10901
4682
10062
7652
1543
8836
7739
499
5419
6479
7821
1166
6665
1962
7826
399
10177
5138
9587
10196
11905
4189
10667
2061
10481
7486
5384
3129
2766
940
3770
3432
122
2905
6157
6831
8199
7222
8497
8459
9181
11365
11640
9784
3166
10782
5994
7536
7661
9459
4287
2095
2066
7287
5123
3998
11263
80
1488
9554
10517
6900
7450
3559
12021
3683
7248
9599
2976
12114
5179
10099
8403
9185
4558
5563
8466
5351
3847
5705
8070
8171
7485
8463
10000
7286
3800
9162
11475
12344
1103
9626
4702
5397
10791
11560
11624
7762
4806
7747
798
10681
9083
9210
5414
997
8959
12405
4051
4425
1920
8591
3047
9987
5845
8191
194
7162
7949
2400
705
11989
466
9377
559
4118
10884
11643
8350
10493
5271
6929
945
1862
782
6229
3968
4265
3453
9400
3274
3952
5851
11164
9916
10680
7400
7796
12493
8858
7369
9160
10787
5142
6754
8712
9840
1105
783
7269
9994
8166
2296
7015
1533
11330
698
8665
560
4944
10948
1991
2331
1841
4244
11297
9340
6616
5972
10865
4437
6775
10188
2823
9843
2853
1420
10508
2611
11206
4192
11601
581
9961
546
9266
10789
6953
9982
11069
5837
4488
9441
12476
10447
12408
8928
404
4974
8701
12265
10206
7306
10204
9217
855
3852
6037
5875
4017
8290
1907
4270
7343
2289
6018
6477
12154
8504
1011
1047
1534
12050
864
1069
10351
2093
6661
4246
10966
4489
4359
183
8050
8571
8421
11922
3133
3420
1181
2449
2467
7037
8580
12101
7113
613
9546
7314
2638
11466
1018
5764
3904
7034
11079
11794
5400
10230
12296
1796
10732
5033
4108
9986
2839
7958
2645
1871
3884
7740
10263
1703
2
2475
11344
7168
6541
11368
7651
5028
3798
7777
1261
3948
2142
11679
9536
4941
1721
4181
8608
9471
9610
10242
1864
8360
5422
187
3529
6204
11121
2969
11777
3937
3282
4626
9091
892
10845
11492
8843
4209
3443
304
10396
301
2478
9742
10992
8185
5850
2653
1274
11356
11378
12151
1593
6827
10277
10123
5734
7709
3625
10482
4872
4239
8974
7165
6839
1285
11898
2806
880
1706
1461
6145
10655
1407
12263
9222
10038
6401
9972
12321
6797
6685
4954
7859
1449
3575
6108
5274
819
12429
4639
3828
2963
4027
11424
2379
7161
10043
12451
9571
9014
2438
487
11976
4854
12193
4222
11552
3102
1141
34
11986
426
9767
8018
2505
3519
7688
5989
4323
7722
9752
5313
4852
730
5365
10001
3976
10726
11608
11808
5267
10645
1519
9008
9765
9476
191
9064
9361
3686
4495
6285
10942
2133
1433
774
11152
10766
6336
11468
7225
10083
10975
2825
1382
7966
10743
6282
1134
11343
5211
7854
598
10634
7275
9668
4155
9629
9030
9558
828
8728
2869
10544
5345
7069
7758
165
9176
3455
2398
6426
7056
1783
1479
3702
11156
5430
9910
145
9509
1138
4599
5873
8006
1188
5797
231
7203
12337
6854
5246
7582
8000
9934
11201
2594
7062
10483
9553
11061
4162
9267
9425
12107
4490
6577
7154
7304
10295
6398
6406
11770
11688
9690
10760
7801
3830
445
2240
9946
4958
2728
7627
3378
6645
5084
11211
2589
6245
4338
886
8752
10286
1402
3283
6673
8423
359
8231
5963
6934
5477
1412
12371
8861
8442
5685
11005
11828
8764
1586
4213
1430
2317
2194
906
8871
286
5630
5032
11064
4804
101
12297
3831
6004
1596
6375
9562
1390
10803
10978
1585
4676
12293
6128
5774
1084
1459
1250
9520
2898
10572
12294
9811
6496
5642
12376
6399
2999
1838
6632
812
5610
7698
2872
5978
4538
10828
7106
10686
8245
1164
5076
3293
703
268
1850
1701
2518
10910
897
2534
3659
12152
3034
3278
8044
5570
7313
5036
389
2276
3033
5340
4299
479
10030
1268
12017
11622
12377
2936
4949
1982
3177
9510
3210
7459
7271
2344
9051
2721
11626
11682
10072
8159
6735
6165
346
6484
7309
178
8169
11943
12036
5718
2670
3229
305
3941
7048
5636
694
12330
3266
4275
2238
7761
12460
6537
9758
11803
7534
11592
2007
12029
10060
9003
2928
9837
3778
1619
8478
4291
3915
12463
610
3423
5413
4726
9940
10832
7119
228
459
756
4627
8004
5075
3116
1910
2729
5587
6344
6825
8351
10770
1847
3544
11687
5597
8837
5344
3707
11880
9167
4697
11529
9270
4427
6729
10028
4660
7546
12141
10184
10561
8011
4393
10096
5427
1088
10026
5920
3639
11737
415
11648
5505
2441
12261
7494
4274
7866
7535
10512
11129
4523
8691
8977
10504
5019
4560
9835
5737
4077
11721
1760
6606
10248
10050
5988
12047
860
3039
2185
3006
8091
8620
5592
5576
10452
12415
7613
576
481
8174
588
7804
6474
3097
343
8965
11833
17
11699
2817
5862
4914
8786
7679
12125
9651
9537
7918
8251
9709
3980
1763
11337
6352
8637
1869
3651
12228
3247
5843
7014
12206
557
7778
9746
121
3601
6633
341
708
7442
1142
6059
3725
5782
6562
4592
6240
12135
4602
10469
4334
2559
842
11771
5869
2147
10446
6509
4086
8320
5959
4452
9828
787
6470
11352
6202
6241
12054
6578
5801
3354
2269
4042
6090
1685
2580
9093
1705
7151
8287
12088
4480
2485
6257
5948
10599
11630
236
8461
10320
9334
7288
4565
6529
1663
7617
4985
6269
3859
3613
5119
5753
3260
3685
2764
1638
11444
5671
9838
1649
6654
9407
4586
6913
11607
11917
3329
6554
8158
2847
7273
10654
5802
3292
1467
3757
5902
1115
11636
8695
1751
1216
8878
6548
8315
6607
9773
4078
8911
8548
10761
2199
11474
11539
6963
10598
1112
11324
7841
11295
8204
1915
2622
9383
1301
1308
9645
4996
11284
10354
11960
9307
4043
8502
10970
11571
4094
10009
9805
4637
7781
9881
4454
10161
7418
5282
2426
11745
7551
4408
22
334
11406
8207
12287
9621
10441
2877
2983
7401
5453
1859
1632
9174
10171
7055
8230
5355
11256
1860
8908
12388
6287
2871
9506
3402
4387
10416
7490
2058
3314
10745
6124
9438
4982
12335
2994
3253
3596
5816
6373
667
8022
10089
1418
1058
6566
218
3093
1073
2347
838
7068
6569
10106
7177
2245
1202
6649
6118
11632
12112
6177
4039
10520
5456
7558
5152
2980
10937
8937
11141
3694
4023
937
2340
388
4373
8721
10779
5876
4662
6506
11320
6699
11147
2143
8982
10587
10683
11072
11240
1212
7877
1839
7848
6080
5154
5329
3729
11505
5674
6530
8012
10018
7733
1338
4850
10908
8946
6894
3494
11191
10459
10742
7297
177
9517
11856
4820
6261
8907
4858
11840
7249
7973
9447
5423
3717
4572
9248
4341
2303
5887
4084
6887
1213
6526
637
4282
675
1545
11315
10362
3758
1272
11014
4071
2170
4539
4784
5315
2342
5388
11817
6444
4548
10767
1733
9636
1945
1363
12414
53
3231
11903
9412
3021
4231
5666
4208
2307
12015
10353
2274
4331
6107
7409
12132
665
9567
7166
2345
1009
10909
2045
437
2591
2201
5140
6289
12347
1914
7906
923
1465
2658
5322
7881
8805
10553
10016
9761
5277
10965
5669
4173
2993
3663
11227
11674
7694
7699
1581
10804
149
8562
3481
5006
10964
7
5969
10575
10720
11296
1900
12302
8329
12379
3213
10714
2779
11859
11400
4727
1224
10735
3171
115
7066
1153
6508
7452
11633
1064
6288
3364
8682
2985
9250
4672
10464
10194
2965
1264
5465
5327
11519
11839
9285
3883
9311
8375
2026
7213
10531
110
6961
1466
5338
1762
10244
890
1221
11276
7016
639
8101
4267
9031
11813
6303
21
11870
4248
6111
3692
1353
11429
4596
5108
3198
8719
3122
8821
8720
11784
5316
8953
8614
2072
4217
8116
8344
7542
3024
6462
3375
10889
4165
10931
2254
2907
8868
6983
10022
3907
8465
11277
10170
6251
12428
7822
5898
5206
8441
10820
5171
10727
10074
7006
10596
8474
10510
9774
3797
8739
9778
2377
9632
779
7265
11652
5512
4496
5358
1710
10700
1885
6914
9464
1737
11265
4441
10185
158
4874
4823
1125
1355
9842
10350
1045
8514
1203
2881
10717
6646
5161
11514
3560
6327
7205
2765
9415
11710
8727
9079
3148
3644
7934
6908
6312
11319
3127
3635
11197
7303
11326
12075
5482
4694
9950
3312
10795
160
4646
11906
10853
1648
10368
5474
10148
2481
7552
9826
11691
2845
5496
4168
8486
11657
10213
9671
1038
618
6023
8419
7903
10442
3381
7337
12138
12283
924
8517
7615
3479
9573
3
3553
5058
2661
11458
6486
6248
10850
1349
2507
214
7809
8822
294
8984
3149
1130
9474
9769
8034
6270
1695
2742
4409
10747
5558
3549
6947
3469
11748
2912
531
11425
1880
4122
9086
6909
8683
5134
9959
9529
8298
2749
1905
9539
2399
1926
4861
6449
424
3953
12282
6951
6724
1102
11796
12279
9018
3949
11235
4304
9532
5886
2502
2630
8699
964
6549
8602
3307
10530
4934
6459
754
915
3016
3641
4137
50
10564
12026
11593
10607
7101
2008
5657
1192
3390
3322
1682
1547
9022
12289
9493
238
2031
8749
11418
10174
3472
12115
1253
5241
10674
12336
5169
9643
11545
3687
10959
2636
8038
2909
1794
1723
6936
3918
10628
7002
1670
11214
7749
3434
2086
7944
3861
7465
1240
7526
10145
8593
5012
1437
6460
4072
6207
5554
7264
9833
2048
4236
11181
3491
3898
9207
7123
9913
11159
10897
10721
2116
10267
9178
10922
5890
4406
7869
6183
10997
7347
1615
10110
10418
1194
11861
5915
743
9190
6495
9993
8437
10688
10144
840
4616
11844
3014
5008
4295
9759
10540
7183
5683
1211
2516
8886
8761
9928
7685
11288
2563
3882
10687
5111
10049
9042
4956
2792
4153
5895
738
7438
8113
9503
6841
11323
6643
2498
6346
440
3077
11586
9788
4621
2855
4594
5909
4464
3722
6528
2020
7255
6478
4919
958
8782
1675
11995
2122
3522
4936
6884
7095
340
3803
4865
7011
8859
1815
140
7556
11187
7371
1590
3468
2868
12277
370
10923
1072
371
5143
5286
2769
55
4866
10895
6402
9749
1970
7748
3103
2544
9231
163
443
2561
2926
2846
3451
2703
7785
10269
11824
1235
9798
6807
180
8405
4995
6901
1362
4308
5197
8214
5573
3248
6210
5367
4193
11504
5177
1220
10613
1944
5415
8146
9591
4290
4460
8578
382
5925
9281
1195
6845
11460
9865
10977
10626
5643
6038
3445
8480
5778
6404
7131
8270
9150
9738
7364
10305
4477
5223
7467
6141
9404
3178
11169
12411
11536
10412
8259
5923
12183
7885
411
10577
11401
12176
10180
1208
5326
11150
9683
8473
10814
8244
1629
1016
11680
5382
10264
5631
8760
1358
6605
8923
7771
5598
7033
192
8275
2452
3942
5976
1089
511
8864
4400
9037
12237
11395
11409
363
1950
5251
9816
3492
5854
1400
2712
1092
7229
12452
2043
4002
1347
9353
3340
6058
9882
12212
4832
9514
1691
1493
5007
1882
8021
10258
2995
10519
9233
4760
264
4073
4392
10844
11489
2890
8392
5622
10369
12147
11333
5121
12252
3512
2568
1652
11426
8135
1692
401
1229
7887
11673
4942
9628
9829
5991
12241
8577
3262
1193
3038
11831
4946
10708
11651
9723
626
6381
1121
1026
7144
8991
212
5091
8710
3776
11157
12220
6833
10891
11975
3187
2968
1310
12420
8706
4724
161
6195
4800
2213
7206
2010
10630
8677
4337
5678
4097
1043
9939
884
10210
86
10053
6463
12148
11811
7211
1339
2576
3042
9055
10848
4388
7789
1716
3669
6948
6314
3139
7194
2786
3405
4004
3419
385
7107
12489
4259
12496
8255
2137
8198
873
9990
737
11106
3925
11090
12208
2280
6635
10798
11435
8103
6538
3162
11268
1387
12382
7389
10390
7383
9206
9215
2151
1579
11656
11021
2063
11872
8785
4674
5233
2527
11194
3239
1131
3768
6491
7321
8961
2406
11286
11479
9631
7952
291
6533
8294
4296
10794
1592
11290
7904
11742
8557
962
2551
1969
4431
9228
10085
380
4544
7530
3373
6809
4125
7532
5971
1935
2263
9841
4313
8273
4026
11556
5443
4256
11258
8311
5907
7940
5692
3301
9180
11927
2222
354
8940
7643
3473
9797
9025
4428
9753
2012
5858
3110
762
5790
6867
7636
12051
6743
6273
7263
9310
8925
1120
9754
2490
3370
1398
3658
12042
9903
5106
4470
7593
3223
11114
2955
7882
7192
7860
5672
2271
7646
6019
6047
2182
10999
488
12025
7374
1222
2359
6368
3608
7141
1167
6774
1025
562
7598
10225
11306
9522
10695
9282
8293
7019
9241
7474
2312
8673
6744
2425
5977
3569
2862
12339
5827
7163
4087
7574
8496
5444
7470
11787
8951
2762
11180
6975
11739
11456
5650
683
3724
7174
6899
8393
5557
4775
1998
7005
12498
258
232
1724
1475
2695
586
1520
9810
4009
4710
10899
6630
10776
4197
5785
10064
10928
1640
5222
3556
3710
6040
1712
6392
12315
6941
7588
7687
3721
2368
10209
11533
9672
11442
7143
9259
8340
4293
5049
763
3672
3571
4742
8010
9280
2163
6293
6723
2474
7375
5872
10010
12172
7616
1930
12373
9918
10485
1082
3989
5721
4158
470
5805
11185
10389
2247
4302
3764
11553
5870
5565
6149
10040
8099
3657
11358
4713
3631
1644
1351
8313
7460
9378
7573
12167
7318
7361
12362
5057
7723
6117
3842
1374
10871
2244
5826
10130
2152
10491
8058
3642
12353
12227
10610
3514
6597
1780
1158
1266
10698
8179
2783
5968
6876
10894
9818
7366
1687
5686
12402
8225
7668
9427
7395
6246
5392
11407
2225
5506
3159
7898
4093
9678
6576
1230
7386
11215
5504
2960
893
9275
6998
2635
2429
9581
10846
3350
6684
12057
2830
7625
2789
1117
1903
4871
512
9444
9359
12322
11747
4134
5100
733
18
211
4169
8676
4203
12364
1239
3132
7332
167
1896
7913
29
4355
10327
8343
1027
2966
6524
427
788
1109
7230
3120
7514
12229
5808
9485
928
3653
9728
1317
7567
4297
8503
11476
4271
3138
8887
690
3746
2159
6593
5056
9046
4860
6705
1424
5362
10444
9739
11602
7510
7245
8754
9062
4570
2469
9545
5087
4589
10604
8267
392
3200
10137
6382
1764
3715
9704
2243
7352
1172
2424
7280
2166
1540
12214
4233
5795
3531
3850
5695
3118
4076
979
8307
2699
1707
10685
9119
11958
11845
3873
4343
7544
1059
9114
6167
5114
2153
9011
6400
8535
2548
9462
8092
5949
4925
10216
12401
11706
10160
8983
11873
5
9256
3209
11044
270
3408
5268
7012
579
9335
6791
6708
5939
1267
1033
10541
5741
2440
5831
7716
319
3180
2009
10029
5037
7942
8827
5756
11195
1457
2401
1825
5825
10702
8126
6869
10734
11177
2100
377
4348
3117
3082
8280
4849
9391
9189
9036
10733
6365
3048
1999
5308
400
1206
9869
4988
2528
2621
10458
5834
11439
7049
537
2148
5401
10319
7795
5848
12140
4107
6311
6740
4057
6175
7453
2863
10054
5595
10435
1973
2727
2803
8223
11913
8487
2948
12221
7586
8574
6467
7359
7079
1305
9247
12404
159
7855
2668
2447
7023
8767
9744
1883
2210
5466
3140
8299
7026
911
2514
316
9780
4289
2077
3256
10521
259
7241
8362
12350
2241
8603
394
2144
4971
646
6790
4767
515
8688
12447
3377
3207
6915
6295
5628
5586
3867
1559
8188
6407
9277
3545
7257
3532
2079
3682
1981
1508
5691
3450
2709
4105
3888
5438
11589
5426
10888
8838
4709
9555
2664
1258
845
7479
5418
9443
3590
3142
11182
10763
10785
5368
4921
2763
7196
7073
6146
9435
7938
4429
6880
11923
696
5905
7907
6425
3437
2973
6786
8635
6979
326
11949
1856
7307
465
503
10920
6454
10394
11379
3184
3950
10672
11027
10214
10408
6655
1139
919
584
9315
6321
8938
2604
4516
7993
311
9357
5417
1818
6651
7298
971
1964
2283
2242
8227
8385
8317
11732
9764
4258
7063
2860
6704
3771
1766
943
10673
6333
9878
2588
3348
3865
10762
2338
3558
8567
6472
1472
4172
3327
982
8918
10275
5835
9867
7076
3020
1743
8804
6567
11380
2861
8283
5559
5616
10867
6391
12130
7902
9527
5777
585
3010
5259
1554
11562
4033
7810
11982
8829
1689
11815
10957
1797
9920
7501
10927
4482
4699
975
4221
9171
3203
2381
4773
1050
11161
3460
2510
7500
11011
5951
10503
12113
12375
69
324
8440
10941
2103
2884
3108
486
7774
11563
3781
777
1373
10807
1961
5710
3414
4126
9276
1868
1589
8789
10100
6077
188
11670
922
7769
9370
5095
475
7899
8347
4640
11391
2843
6366
844
1259
4492
3763
393
7010
976
7943
3461
1613
9339
9613
10299
12264
11855
1718
5761
7707
5652
9996
3765
2957
5818
12480
8902
11642
11183
11455
5133
7752
11099
9937
4908
7327
2343
10595
7089
12235
3151
2291
3802
8383
10078
2700
5913
9976
6411
1671
1749
7517
1067
9700
5421
12380
10087
4813
11962
10778
4014
6237
10249
7478
203
8429
4915
8433
4947
9337
11224
9552
11036
3050
6852
10211
462
11570
12066
10081
7088
1699
4069
1106
5424
1694
10068
11304
9466
8737
1653
5229
767
12254
1245
2161
8066
10432
4364
12433
9500
9421
3156
11481
3705
2597
1526
7342
11939
5294
7435
2833
3121
12312
10321
6513
7480
2259
10665
7451
6439
7189
5291
509
583
5448
11394
8147
12156
1008
1657
908
701
3238
9653
6766
4230
421
7482
578
6317
11359
9043
7315
5000
116
5373
843
4950
3208
6647
8443
2627
11115
4957
11994
4342
1779
10376
8324
2316
7322
4124
12022
5117
8411
8598
169
10915
548
4549
1727
2075
6770
10810
5099
6088
8579
10067
4862
7388
9116
9169
9308
5374
7493
10477
3396
4939
8853
12019
9540
7987
4284
6044
1458
4487
10103
8163
7642
9249
3900
2215
6354
4272
4625
10709
11207
7734
8626
6033
4499
770
573
5626
9716
10513
11081
11041
4459
5420
9718
3732
5039
4531
9899
10003
10436
11493
10838
11229
10725
10283
10042
6683
2919
6675
222
42
2491
2691
1980
6881
4718
7392
11054
9902
1819
7193
3606
6859
10233
11704
1661
7380
8085
1680
4063
118
7416
12200
4005
2184
11647
10953
8102
3991
9420
9989
2078
2758
7423
9734
11940
4149
11411
5560
3501
8546
12008
9783
7879
3921
11062
6691
4659
9439
5943
7360
10581
4035
5404
960
994
3496
8256
3222
12068
5068
1795
11554
776
6619
9595
11175
1226
2715
9283
5080
11163
11138
9147
1249
9205
6410
1655
10973
2332
8873
4553
11148
4046
2667
12078
6413
201
6395
4816
4037
7466
4171
5096
6409
642
200
2294
6490
8772
11697
4185
9997
8874
9173
9983
8900
10935
6750
11835
4755
2337
7768
671
9922
2387
4828
11317
12448
4085
8952
6291
6011
2470
2256
7039
11294
4029
12392
6927
10352
6622
5489
2770
1163
1525
1204
12446
5840
10588
1154
832
5585
3154
9544
6634
358
3201
4779
10887
2458
4286
208
8963
10455
1162
11916
2092
11
950
5109
9560
1855
11473
2751
7436
3633
9125
1428
7917
8826
9819
4581
10724
4634
1551
5780
5047
3518
7499
11252
1209
9751
9449
871
172
3521
5162
6048
2856
4040
7891
8584
1415
7674
3464
2106
7800
6384
2938
4312
347
7124
3668
5544
1232
8711
7414
11599
11985
7202
6733
6092
12231
6347
5457
521
2584
723
7379
9853
4935
5911
6872
5092
7417
6624
5408
6054
4036
11534
590
6850
11275
4383
9314
10336
9619
7729
10528
2114
8787
649
9434
1879
7003
6540
8330
3269
4741
513
3766
9830
8978
6020
3691
5264
4833
455
5503
9699
1696
239
7455
9719
12097
1444
704
7937
10955
7488
10195
11597
5180
3796
8401
9617
4360
6014
10684
4090
2558
5714
6676
12272
11959
7998
4585
10313
4366
10826
529
1500
8162
136
8222
1173
6938
7686
5760
8848
10640
2476
12166
11242
11371
11686
9589
11039
7591
3526
8444
7028
10694
1483
8985
10266
8592
11854
4541
11635
10056
5147
7253
3351
5829
863
9600
2002
11093
7650
4839
3665
3726
12123
7424
8237
6579
4121
10765
2895
6187
10335
2864
10625
10879
3520
4671
10238
8582
2109
561
4007
1908
1124
1624
7391
12149
9726
8394
1893
2801
10128
7597
4130
8700
6888
1939
8279
2267
4902
2461
6002
3597
4089
1247
7553
4138
10822
7655
1874
8160
8747
8576
6974
2328
1752
1514
5343
1037
8234
7324
2171
8828
6214
992
8272
11954
2405
10622
12210
1510
5156
3186
8903
5794
878
799
164
5677
5603
11097
274
4812
11564
1291
10710
6918
984
5470
4336
6591
12477
1876
954
1562
5682
2748
1438
11220
7164
285
5208
5330
9601
12045
8613
6475
217
9605
9304
10545
10514
1101
1359
6851
9620
11190
8715
5431
5904
9978
6356
435
4307
1004
8139
4841
6464
3334
3226
11518
2464
6298
3324
10780
11689
11248
1422
4311
5097
8743
12363
12185
3497
8819
7060
2827
10511
6671
4243
3817
3589
6283
3447
5473
1651
4210
1792
2372
12391
6823
1806
11613
6498
1299
3505
8768
9505
688
11477
1129
5284
135
716
11153
6225
7787
10360
2921
9225
12424
7159
8722
4330
9498
8994
3762
10912
62
8014
961
7659
8003
4587
2650
495
4729
3311
2054
6228
9290
6738
10557
12089
1405
7219
10990
8177
8558
4847
8609
9685
6504
8395
8539
7714
11510
10365
5189
1426
11498
7928
1921
3031
8605
3981
12086
1643
4361
6996
5125
3002
592
6758
3444
402
8181
5093
288
9330
3009
7393
111
2299
1263
5645
11806
5409
10466
2971
11244
10736
2646
11860
2734
9952
1377
2094
3305
12058
11843
10713
5318
7282
12106
3939
1135
369
3733
6190
6010
11662
5130
9495
12301
6075
5561
12239
1048
11012
8757
3727
11641
4821
6502
4061
5484
10918
870
6200
2832
3896
11538
9488
2782
1817
8966
6162
2295
3332
9081
6782
9132
9234
4484
1738
12039
3246
8161
9089
6466
5279
3728
9772
10146
9926
3144
1276
8435
2005
4440
3819
3629
1076
1803
2306
4444
10905
3011
4746
641
7529
8914
5113
4614
7472
8483
76
117
4119
9109
651
3004
11103
9436
5577
8883
7308
10582
7657
493
5433
9487
6920
1971
2085
4707
1913
8912
12145
11892
6412
4140
4434
10328
2542
8295
4615
11799
11142
11879
2824
4103
1319
6105
5386
9153
11101
8353
7741
8211
1087
11778
5064
6688
5534
12349
2582
3894
6305
5299
4049
7773
3808
9998
5624
7397
8056
2533
3026
8993
11908
4685
3008
7802
6965
190
1784
4354
10379
1255
6695
10872
9885
9933
6243
7772
6045
3303
9720
7776
7878
5548
7861
4458
2462
949
7968
2389
6753
1179
11789
3619
5475
12467
2894
6830
6066
8779
5815
2914
8954
448
12443
4363
10205
434
2248
1404
3062
4591
1773
4809
11701
5891
12400
9440
2826
4807
9535
2628
9333
4963
8803
744
9735
4028
5447
5946
645
6796
3637
857
1550
89
4588
6035
1322
8931
6442
11702
11509
11050
3087
973
11683
5129
8813
998
4530
10182
6912
1029
6264
12240
2121
11693
951
6962
337
2932
49
1330
11088
5001
6184
11910
3252
489
7029
10620
5507
4966
7824
11756
7575
4321
11543
5579
11964
2788
12020
8745
9347
1553
3688
4696
12499
245
2365
8471
6849
9919
8168
11681
1594
51
4067
3360
6710
7181
2503
9747
11119
6984
8039
5471
4402
10044
3821
7595
11341
11303
4636
11577
8989
2394
7916
184
2384
8730
7176
4680
4353
5941
3383
11585
4776
423
4547
8543
2129
6031
11847
9499
5796
2145
11167
170
4132
5849
10183
5806
5445
6717
4112
2193
8790
4152
7572
11070
8537
12370
4191
10193
7601
10497
8464
4940
3618
3524
11600
9365
2028
7835
5369
9564
289
7108
12074
5601
11700
8890
6325
3164
11135
7600
12399
6756
727
4212
12469
3530
2488
9382
4117
391
6626
2442
6208
1904
8919
11029
7136
5771
7622
4204
1252
4836
1248
4411
10212
4478
6456
7726
11145
1538
1227
9473
6380
7639
7834
10438
7678
625
5034
3023
1698
7609
5537
11366
9995
861
12080
144
834
5979
12137
10367
4687
10149
657
7990
816
9076
7246
12389
2179
6438
11074
5148
5225
916
9239
3100
5364
10524
10486
7232
10342
10862
4732
2360
5762
9080
2463
3216
10768
5273
9329
7394
9376
1007
11137
8060
9607
5955
7561
444
2536
3243
276
252
4127
5325
4701
7103
5736
9047
7742
6026
7051
6812
8002
7724
5814
11515
4835
11495
4099
821
6009
2034
567
6886
1650
5137
8261
141
11575
9964
10515
7339
807
5930
9000
3930
11695
1425
7491
2187
9074
2407
438
6959
8123
7765
7410
6448
9550
9779
7720
1598
5446
11105
1790
7382
11882
3454
10223
867
7125
10229
3237
1842
3640
11783
2958
9541
9807
4831
2146
9680
4279
5020
11558
11405
8049
10819
11173
4514
7351
4528
10426
7509
990
4967
11158
6542
9598
12419
12324
2069
2282
10837
4367
7708
724
3804
11760
4006
11392
2610
11775
4062
12146
3376
8678
6957
6091
3152
6943
8173
6835
36
10703
6857
2273
8095
4774
1331
10013
3393
3275
7745
9489
11743
10172
8075
8920
4740
4834
4562
11661
3523
4892
10077
2209
3392
107
3105
12143
10287
1491
189
8082
5708
7554
5398
12358
2620
4252
12253
10816
11238
2713
10825
3466
4493
12303
7428
8511
10740
5371
11941
8008
899
8300
4574
9692
2744
11807
8042
11899
3134
1020
3489
1413
10224
2214
11974
2499
3352
2655
5394
7496
1293
6258
5383
2067
3088
9863
6362
4423
6719
7237
5363
10270
9667
883
2221
10669
5584
10024
5803
594
6422
1770
7977
3570
9268
1441
4141
11526
413
7983
11753
6763
12199
7523
11457
9144
3356
9279
11578
4310
11078
11482
6485
8913
9549
9010
6385
9426
2946
2255
5242
8823
8943
2197
7310
10805
917
12431
1392
9118
8370
8675
2001
10633
3163
1093
8788
11715
3567
10991
4884
5022
7476
11629
179
5349
7692
1672
853
10363
4377
4924
11649
4106
345
7727
7093
4875
5272
234
4095
2950
4684
7227
11003
7856
3630
11965
6260
9244
4199
6907
8553
5838
9208
654
5128
11384
8041
4146
10542
4686
11279
1627
9831
9363
7759
10080
10797
5289
12247
6351
2224
11751
4261
6875
9496
7121
2037
9300
10430
5403
6094
6512
7040
5017
4787
7402
869
4543
1169
6024
2041
3398
196
10294
1325
3857
10998
2738
11095
2974
8627
7403
68
9633
3628
5525
10306
6126
2918
580
5581
2725
702
4555
8891
2640
335
1875
5387
6970
12262
3394
4855
8666
11741
11091
6159
8476
10898
9423
6556
11133
9095
6492
5524
12142
7946
11705
749
891
3167
10255
706
6904
10073
12190
887
5861
6070
10589
3586
2361
7251
2649
9966
8306
7137
10125
7935
5647
10614
7441
1068
491
8668
10839
7626
658
12413
7145
6552
207
10202
7681
9085
6161
11198
2350
7658
5059
9821
1348
3973
3452
12174
2624
1750
8960
7276
10969
10289
9792
605
6182
6247
6389
1958
7197
4249
10728
1223
9088
9898
550
11620
1210
5204
6171
1297
6697
12422
8357
9824
2304
5195
2430
8326
7059
10097
11895
11382
6235
5381
6199
9663
6520
2231
10843
4483
7148
3297
15
501
11507
4264
6586
8995
12366
4114
10059
9465
11591
9032
1881
8671
6818
1307
5924
12165
10675
8081
781
8862
676
372
8716
3622
10345
3826
8265
12192
5879
4374
12223
9195
11584
10118
7807
3296
4398
396
12273
492
87
9593
10771
5410
2808
1144
9262
1480
9100
7024
5350
7070
3959
8268
2722
10237
7302
7931
875
9332
1895
12180
2479
12456
11245
4762
10199
19
8630
778
12426
2327
8621
9442
6218
7301
12267
5266
5811
3697
1740
2189
5234
11625
5201
9316
3578
3517
11971
8197
5697
2006
6343
6231
6853
10410
10405
8746
10375
7590
5191
1942
11621
5629
9737
439
5882
877
8852
5985
3650
9656
796
12352
7274
11033
1053
8361
6332
10112
11827
11085
7348
3095
71
4405
1104
11762
8388
4885
12007
8810
7419
6682
7614
1183
11792
11968
5122
7335
2678
3220
6025
10190
12357
1379
8228
5500
4060
7097
7960
6718
9065
1217
955
9888
12238
8001
4826
5483
10637
12110
10892
7050
2520
6150
5441
6357
3315
2403
4576
12218
4922
10433
7989
3801
9455
526
6083
11305
4978
11588
1368
3735
8323
12153
7447
7471
6746
3684
5488
522
2050
11335
5269
2608
8781
11878
11851
2523
6815
1143
4220
1200
9861
939
9041
11403
2704
1931
4263
11149
5074
1186
3617
7545
6335
3940
1611
1709
4250
10325
5518
3500
2226
5759
7539
6299
10465
11298
942
6179
8776
6656
5227
10203
8847
10036
5661
2017
1375
2530
7149
10769
6056
244
6125
4438
7083
7405
11926
8414
237
10116
7875
6816
2897
6136
1988
8741
3789
328
10114
4001
10265
125
12361
4573
3175
3182
2084
4691
2466
10925
11398
9246
9059
7953
662
2188
1486
10603
10661
11611
4943
3158
10141
4801
818
633
9229
5539
9507
7031
336
6328
235
4984
3018
10602
5583
9221
3000
4161
8895
6377
3498
4467
517
4693
7381
9429
8128
8533
6418
1414
12023
4430
8005
7444
10243
8426
3245
215
5239
8812
4754
3748
6386
3957
5135
11063
4254
8751
1560
4426
2357
4325
6089
1346
8921
10993
9152
425
5974
7908
6581
9661
7751
9785
9675
7782
4810
3853
4283
11767
6794
3013
6188
9112
5935
6604
532
11086
4038
12341
679
5836
9141
6628
8968
3555
5932
6599
6238
6848
9814
4372
28
936
3339
7519
12327
9524
2990
7187
9164
4507
11669
6813
11222
5580
10019
2652
2326
7896
3094
7780
5596
1246
11383
9273
7325
2567
9820
8534
1836
7662
3562
10292
9670
10098
7220
3056
3786
5004
11520
9864
9556
6588
360
2807
3490
257
10790
5104
8332
8289
9943
11544
1909
6230
453
3572
11646
11924
7654
5528
5103
9328
6932
5260
2970
7114
3066
10578
3513
3017
2181
11067
4034
162
11415
11354
61
5304
4817
8096
176
4182
9202
8718
1901
3257
386
7602
5025
11402
5396
7186
9971
1741
2666
4301
8669
3169
5348
5136
1654
5435
8067
9817
3470
8777
3866
376
2984
229
5855
7462
7566
3827
8305
9674
5391
1729
12056
966
5679
8759
4494
11862
5883
2673
9893
6319
4706
12381
4778
12081
2493
6414
1471
3576
10611
8792
1365
808
1085
11502
9111
7272
7921
10393
4959
3258
5085
2060
9941
9531
6223
3041
3503
6531
3769
8304
6178
8589
9732
929
8702
7999
6268
656
9570
3698
608
10597
931
2915
4175
5720
7078
10012
1758
5309
1799
11606
10699
3433
5906
12351
2557
1434
1732
10234
7179
11374
7204
6503
9681
12395
10852
1823
7895
8387
3173
12495
9002
8281
4605
38
96
12479
3458
4864
757
2019
1219
300
2305
2696
2922
12311
11060
5061
614
4399
4320
7930
7682
7431
2637
5072
10537
1602
8212
3096
1309
11480
2654
903
2431
4665
5555
1702
8881
5653
6419
6810
9457
8425
9336
1552
10407
11289
356
1821
476
8748
2279
4909
7730
644
1384
1090
9349
2757
3193
848
1948
3321
2566
5356
12195
8851
7565
1242
5463
10609
12285
2537
11788
4887
4457
8505
11196
2962
6636
6350
3661
5556
5508
8588
11178
10032
3855
2535
7385
11130
4661
8523
11487
3772
3300
9634
4937
9071
1837
9232
8242
1495
12471
2468
1039
7468
10488
7311
498
250
6574
2739
8830
5168
6324
5543
2046
11287
7992
6949
10499
11419
650
7356
7623
6068
9741
3051
4154
2702
3990
7817
5287
8734
10158
8239
1690
1571
8530
8180
6115
8282
2651
4933
5170
11617
10929
11271
3058
1446
6393
7506
6082
302
12423
95
3875
6811
2011
9856
5336
3834
8599
8257
3547
1498
8629
751
1635
1626
5665
8131
5278
9490
6471
5966
8565
8428
904
7242
6659
11049
7912
6109
5224
11836
3288
2076
11497
5541
10659
4893
8430
8893
1054
131
5812
8083
8027
3380
9219
4526
11241
3662
9650
2366
8641
5265
6972
4997
4794
2892
3879
5439
227
627
12246
732
784
8725
1034
10348
3943
9682
2132
7909
3358
8418
1642
4065
11579
6151
5288
483
9931
1566
10677
7555
7715
6792
9350
3228
8172
12416
7592
8640
4633
154
11713
3666
3913
8882
342
8518
7994
7673
4092
8656
8165
6286
3975
7632
10124
5910
6874
11491
9557
1584
4435
2239
4082
2112
5451
59
11797
1401
1292
1604
932
4504
2055
3759
8157
8358
11140
4416
11763
7350
10388
2183
490
74
1993
2164
2929
12304
11000
5659
5052
3739
833
7911
1530
4788
2497
57
10995
2168
2736
8915
8607
2813
9188
10307
4394
11048
6674
6789
6698
9689
8642
6994
7336
151
6281
9306
2329
5334
8439
5158
9044
290
6277
3342
2396
1870
10129
536
9450
1321
2524
2157
11531
7735
11525
5502
2761
210
269
2459
317
1972
2943
8479
6911
10857
5347
8400
5214
638
12325
8556
9375
6902
1201
9962
1834
11709
56
4012
4577
9568
5458
8176
882
2866
2349
8208
1262
10338
9007
1916
3805
11184
7340
6702
8876
7843
8833
4888
11100
3416
12298
9586
3892
12449
1578
711
797
4782
10744
7461
3573
3230
6778
3788
793
7570
506
4624
6877
1830
12455
8824
10015
5522
2392
6973
4123
8089
1269
524
11461
12248
2198
8025
130
8029
4215
9020
888
5226
3704
993
4322
1755
9896
1558
11172
6858
6408
1665
8585
12009
4160
1442
1861
7338
895
11963
1833
9770
9616
3693
689
11752
10108
10271
9666
12072
6116
885
8975
6596
2776
9677
9168
8417
9561
6360
41
1340
8253
10705
11348
11128
4476
10235
3263
3422
4510
7052
3840
10440
146
11204
5810
4245
3249
8857
6987
3086
2356
4237
4442
10834
12120
5549
7454
9722
7487
2358
981
4868
6103
4955
1831
2000
6663
902
11848
9698
9748
7155
8071
2541
2612
8564
5238
9313
9297
9492
9430
11826
6405
6638
4795
11883
1544
11678
9177
5758
4711
5793
1564
2421
8981
4790
12136
383
3897
11654
5083
11724
7711
7564
10560
3251
11532
11484
5772
7621
11018
10631
5766
9929
10921
7367
11834
5651
4584
7036
5681
4481
803
8664
8569
6050
4253
6977
12305
7422
4642
7398
199
8615
8
5551
8624
2027
9299
2500
8489
2487
9936
11496
12236
3359
2942
8371
2812
5641
11804
12445
8467
9572
9706
4384
10989
10988
606
5361
3189
8372
11336
3406
314
5176
10139
3793
11684
1813
1967
12108
6265
4822
11168
8962
12233
8992
1744
8292
2665
11389
11795
6489
10861
2174
3255
7549
10259
4309
9437
7746
8449
3337
88
3895
348
10671
938
12441
5157
7341
10006
2471
10034
8897
4561
677
5729
8679
11080
5079
9028
11955
9128
11717
98
7584
11015
10173
6452
469
2119
10648
6294
7883
648
1933
4116
12121
12191
11810
6051
2565
1645
6701
11735
1356
7378
11733
9743
3868
1848
3005
8114
1150
4916
11233
7933
6840
8811
6379
8220
5175
11885
8639
1633
10094
8753
2022
5728
11561
9245
9705
11440
11707
3157
2641
2593
3675
6988
2341
9196
2320
10641
3552
11615
3136
9935
8933
6982
5792
7330
1524
2064
12461
11774
10693
1976
9456
2777
4048
9988
6242
8492
3610
9183
879
1151
8189
5957
6055
12269
315
7334
1805
10492
1809
5232
9286
3620
3760
9614
8445
4455
5515
6259
2811
7008
8780
8240
9417
9005
2370
8775
11351
2298
2574
8170
7439
753
7531
2795
3742
9967
11236
12286
10395
6864
2354
5625
7919
10423
9871
7396
12150
2889
482
5914
6776
6801
6553
171
3738
7819
3161
1198
1835
4521
5998
7840
1487
8488
1489
2139
6516
5141
4376
5703
11583
7873
1557
297
6956
2039
10916
2036
11077
11431
174
1583
8942
5609
4315
9175
11566
4176
11146
4390
9649
1095
7018
9652
10095
12288
10516
2784
6557
6846
9402
330
1303
4145
11956
9154
4513
1478
9139
5605
3418
2572
4867
11174
7130
4316
10051
12077
2718
1786
1985
5212
4262
11618
7074
4345
5997
8967
2809
8519
5210
9001
3565
8750
11316
8141
11084
6895
7278
9889
8926
8566
5900
7648
6122
6469
433
5166
1024
736
9345
3992
11887
4120
8274
10639
152
1473
4960
12118
11929
4926
7156
7009
6924
30
3849
7200
1265
10711
3790
1668
11512
6623
5341
4129
8481
9419
1397
710
9458
8167
7610
5323
1563
2204
1720
6681
8575
5185
2848
7030
6481
11953
9274
10101
11527
10657
2737
802
1521
5644
4989
4277
1986
3773
3403
7852
6570
11404
8319
4349
10480
4789
1927
5569
3495
6933
2935
11612
10404
11310
7618
7516
6329
4972
6306
8970
12242
544
6960
2113
8079
6989
6937
4216
6497
10252
367
11952
6728
12095
10715
591
7743
1851
2546
519
10980
11992
4629
8061
2780
4139
8407
11750
2587
4609
4608
10722
1205
10406
5043
10023
7167
8209
9584
635
4391
6338
6500
541
2435
5250
502
959
2023
2723
10914
10690
3814
11942
2802
10374
9197
6067
6625
2681
11205
9791
7244
5160
344
5702
3870
8087
5967
4894
6081
6421
2982
10902
10893
5440
7798
620
2212
48
9731
1002
6039
10166
4357
2439
4163
8672
85
5983
622
3400
1753
10424
1892
827
4881
11488
3719
2526
361
2719
11273
7926
2277
10011
11065
8250
1447
9947
8381
104
8380
1081
10623
9566
12354
5184
835
123
8028
1323
686
6290
7571
137
8834
5425
243
3294
6820
5995
9623
780
8726
3232
6304
2362
2105
3254
2334
4461
6518
10135
11744
10748
6999
9284
6806
682
1757
2743
7559
2134
4604
6547
7725
5821
6971
1333
7250
4240
9800
1030
10284
5314
5044
8190
12219
7085
10979
6640
2322
428
8111
12257
2374
11749
3779
11427
1189
8529
2258
8462
2617
1185
12251
9627
175
11274
6765
759
5687
9710
4714
3272
1788
10833
566
9974
4753
11257
3212
7086
3839
3510
2821
6653
9582
9123
9984
2108
4992
12494
6370
1393
6736
1218
2886
7585
6176
9648
10382
2631
464
64
2227
3935
11322
7292
6737
4303
11045
11285
10220
3357
8284
12268
8617
5280
5841
11773
4612
4756
11666
674
7670
4450
7892
3218
8808
7407
6364
10274
1367
7373
9039
2127
9073
4986
6383
11768
1676
7518
3679
1396
7377
9569
5216
9981
6741
11893
5459
1376
12329
10061
213
8110
1110
3486
7569
4446
3484
9658
1432
6580
3409
9401
12439
7669
10906
1452
9203
9278
6271
5675
1747
4843
5916
9305
6536
3286
3361
6172
417
8783
4056
8035
2693
6071
1380
11053
4630
10930
3784
9243
6123
5987
12409
8581
11465
7985
1617
11255
5660
11210
4147
11428
4563
12203
7972
9063
11685
11776
3141
157
2949
8164
1767
8451
11912
6003
5194
9836
1065
9364
7827
7415
2140
6337
6330
10037
3459
5198
8296
3271
4628
4962
9240
3674
4830
523
3740
7811
8201
11412
8845
8697
8364
9127
817
8901
11798
9226
11884
9151
5428
8053
5868
1966
9609
5613
11008
6
8850
5240
5513
5964
3196
6154
3785
9866
2956
11522
4723
7524
2851
7256
3124
5088
7132
2679
2029
768
6678
10854
4276
4889
3970
9915
1233
5071
5662
7624
9251
2603
5380
2509
11740
2489
5538
124
8266
2710
9453
2771
7603
8583
8658
20
9687
4098
10153
1582
10387
1804
8438
4844
2177
381
10793
7865
11023
219
6323
8356
8521
6930
10815
3525
8740
5460
11696
12226
836
5301
5568
5732
10076
3224
2570
9024
7195
4522
5078
10691
1057
6226
8922
7513
4075
9975
8263
7231
4641
11283
2071
3397
3235
3754
11117
9625
2553
7082
1978
4771
1906
11694
7146
12243
2232
2448
6153
1490
4273
2352
7696
4688
11278
3372
3280
4527
647
1063
9320
3905
10706
10020
8269
2250
4380
11901
6926
8986
7283
11761
11353
8651
9033
9170
5261
11216
6601
3331
8076
8156
9184
5139
3835
7425
11387
9358
750
1890
3404
4143
2716
12444
10298
1987
5529
10738
1311
6997
8831
5026
8363
11634
6217
7580
8285
364
1260
3963
5984
8104
1014
8932
8800
8374
5521
9815
2395
8216
4744
1280
6897
11658
5499
9486
10666
4737
10417
2626
1022
6397
1411
4857
5731
3413
3944
2376
7133
362
10302
287
7608
8020
2818
5673
5704
2539
804
8246
97
5892
4219
2575
545
3007
11501
2708
8506
3621
575
10251
2682
9293
3713
8080
5696
4715
7538
640
11790
1555
4792
1628
12090
1603
9384
3737
9870
12027
5207
574
12307
1003
4631
7844
1801
10569
6968
8032
697
7140
1419
12010
7182
10617
8355
2335
147
3068
1639
2785
4335
6620
1006
9360
10656
2852
313
1302
1932
1118
12189
2417
8031
597
278
9851
12258
660
195
3985
9292
1383
4649
5847
956
12184
7100
9973
3528
8318
9135
5159
6575
6341
3537
2130
2724
7606
2735
6403
10951
5293
12216
10864
4758
4900
565
11659
4025
4819
9027
9927
2202
11896
10692
12061
6458
9803
5023
1381
8815
11919
10874
11270
8469
3181
5070
11598
9049
3123
6254
5852
3792
5725
9478
6511
9949
10008
9161
2364
4500
3211
295
3126
2333
7259
1532
1717
2925
3060
8365
1561
6905
3824
8143
114
5711
8738
3399
7853
9156
1023
4811
474
8069
3745
5102
10
1190
5743
2731
5029
11716
8856
3871
8122
1569
7868
7792
10448
8560
6555
6143
2404
6826
6594
9371
8892
6388
8472
4196
11755
4218
2794
1052
6093
1662
670
9516
4554
3019
10580
11225
3598
2313
5965
2606
1176
7120
11228
8062
9105
9921
11452
876
1759
4422
2228
7152
9387
10563
11321
458
2819
10347
630
132
2251
6029
2346
9354
10218
2158
8446
6730
3241
6435
9090
6828
10045
1974
3217
8243
11765
3474
10840
3584
1614
7984
3869
10136
24
9342
6865
7839
4472
7660
661
12157
4845
941
1136
1137
4664
2237
974
249
6615
1485
2885
3475
8057
8559
9693
7576
6856
9596
10946
9201
7007
9563
6759
3890
3079
2154
680
10830
10813
265
6193
850
3844
5015
8765
10549
2021
3168
10538
987
7260
10653
9760
2979
4999
5532
11325
7115
6206
5527
12099
963
11930
6564
7127
6942
9521
9906
8051
5510
9756
3664
5252
3309
4378
4044
2903
1990
9684
12266
5237
12155
4648
11852
10479
7408
142
11075
2911
3767
957
11937
5701
2924
11369
12484
8249
2049
1577
7779
3045
4101
6267
9069
4186
11675
8528
11911
7790
5082
5011
4619
7957
11022
9115
12102
1541
9907
8134
3916
5582
4505
10943
11355
820
6424
3932
9594
1610
368
5296
7118
10547
772
5263
2564
11664
6101
3386
7331
9424
6363
11331
420
4551
7829
8612
1410
1548
3825
6954
752
1994
10501
4692
11478
745
616
6353
10939
2165
11143
450
4371
10361
905
9013
3716
968
9504
8187
805
1674
11375
3049
8647
422
740
2556
454
9390
8729
2945
2176
7390
8587
10058
12169
9883
2080
9858
11729
10635
8499
4368
2186
5903
4369
1937
1513
11266
197
1746
7427
6396
6777
10293
1451
3841
3242
10312
11397
4517
4068
7046
2857
6642
10257
4506
2937
263
5807
4673
6160
3384
6476
11004
3374
320
1902
7061
6416
2068
12490
5203
6889
10873
742
4898
814
6250
6499
2756
2310
8681
6027
4328
11582
10240
275
2378
5819
4899
3917
1463
8297
533
1357
6488
5571
1159
3488
9213
10956
2989
6629
12222
792
225
12343
4938
6721
1406
5045
1537
4466
11842
9483
9120
6666
8733
5486
2633
6919
5740
7096
11107
11485
5817
11967
1361
7847
7793
5738
8485
6168
1132
769
11785
4198
3874
2492
4407
1032
4911
5804
7413
970
9467
1343
7185
8121
6592
1244
11393
6276
10972
1781
8814
6079
631
9133
2609
5324
12196
6220
10226
10643
7139
12437
9688
6855
4769
9106
7970
7233
1123
7663
3961
1775
4663
6787
5844
10021
5707
3183
2540
11979
2104
11469
9255
9917
11264
6016
2156
748
11934
1
11134
12126
1565
6991
3188
11346
4170
4167
7956
4381
3860
11945
11399
7483
7766
6986
1647
4869
2906
4206
8909
2625
7134
11723
7305
5789
11113
6692
3863
6522
10260
5366
11517
9763
14
4748
8312
5501
4188
11619
6147
4305
10612
6015
5235
6821
7757
8694
5572
5888
6376
10256
4851
1679
1824
3276
628
10241
9790
10585
398
6585
636
7557
7744
3130
12129
10962
9852
4728
11261
11573
9724
3912
8399
10104
9216
1448
3967
8410
8233
7160
3259
3328
1234
5300
10329
4579
2600
4651
9077
11232
4546
2545
12497
3176
2642
11863
5823
12127
6885
3564
2460
9715
9454
6430
120
106
8271
3499
8148
10938
8226
4913
8659
601
7888
10502
11102
3568
5542
11523
3075
3783
10494
2972
5820
7700
6843
7216
934
8704
9583
3150
1111
2070
4571
2560
8512
10924
10330
11993
11832
946
5332
4536
6006
4375
3996
5752
8457
8884
3382
5276
800
9511
9087
564
2998
7346
6098
6631
8929
4386
1300
7354
2371
10133
8254
5320
9771
494
5676
12117
11503
12234
2714
7889
4403
8215
7644
2375
12481
10331
4838
7433
4142
12014
11020
9301
11897
4190
4350
10847
10179
6958
3043
6868
1175
1827
2107
6348
7880
930
4768
3787
5896
7317
3073
2910
11977
11858
3054
193
7104
10590
6030
718
5077
9372
6847
11193
119
6803
11567
5634
2707
10660
1897
12432
3872
280
10048
6021
3022
4326
11470
8023
7000
8482
9045
11199
6138
9630
3938
12053
3456
6112
6013
11667
3636
6279
9070
11486
4298
2578
8432
3509
2087
5600
12438
11028
10138
10949
4419
577
684
10453
8825
4987
3920
10115
5149
3955
12403
8382
10088
8536
353
5535
9530
3125
8980
5922
4214
1283
8879
5118
8817
7832
8586
7153
7671
5591
6164
11782
10890
6008
7147
3067
9214
11714
12417
8522
1941
205
599
43
1436
11381
1523
3700
2581
1979
429
9191
4050
6641
3670
9096
6053
9126
10841
7737
12300
6432
9615
10539
12468
8538
484
6725
7190
9397
10495
12065
8618
9038
6313
2016
6331
9874
9103
4224
4932
11013
7794
1719
7820
9932
918
6034
373
5727
6976
81
7234
9574
7448
4148
11838
9954
4104
3197
3643
6272
3482
4917
709
1329
4975
6436
4848
11846
8406
6690
11410
10272
1535
4150
1191
516
11902
8450
5828
10627
5016
2730
3174
10911
4675
4799
12284
10119
9801
150
10398
9130
9938
4052
7874
9502
10802
8971
8345
3273
1846
485
7411
9825
2118
5412
8448
11984
7695
1857
3477
9403
9813
446
7962
4945
11948
11226
1597
9019
700
3502
8454
837
129
2131
10876
8631
3261
10885
6001
7135
10821
7437
11367
255
1408
3856
11888
3604
8030
8308
8955
3233
247
5187
10310
5990
3204
2837
12098
6700
4907
3035
8093
1955
6085
569
2217
3574
1372
79
2190
1080
7548
4747
10462
11239
1730
6739
11595
4436
4340
9101
5693
11092
9897
10055
9323
9186
10301
12011
6584
9548
7267
7235
6798
10792
634
10707
7689
6301
6667
10399
5938
8368
7969
173
1852
8969
3448
4533
8684
9469
12319
5213
3236
262
5406
2397
8427
2850
11547
8236
5929
10746
2689
602
1567
12299
405
8337
2529
139
1146
547
3741
2149
7426
1075
3078
2961
5927
7702
11915
3504
4529
4113
9608
223
3812
8155
11736
673
5824
765
10291
5275
713
9138
5952
1015
8795
12472
6964
9192
6603
4414
3244
9075
5607
9979
7221
9657
4164
2454
8619
11961
8475
2456
7951
5215
10507
4842
672
1149
7816
7207
7191
3680
1421
5219
1010
11165
11935
8108
10069
8563
6734
5245
12314
7691
1035
8904
10232
10472
6007
6440
9388
8354
7863
1180
846
16
5531
3146
10346
8036
10496
7215
10282
2875
206
9518
1745
8367
3264
11016
4575
9879
11812
4620
11448
9433
7376
11170
5866
2410
655
4401
384
1509
2059
563
5809
8990
9082
7240
10489
6993
2773
7996
3986
3934
746
9098
1079
449
6609
10509
3810
10372
26
6480
8742
365
1572
7355
1943
11068
5768
11537
7533
3415
2899
7587
6878
3995
8791
5290
7158
5594
11055
6173
8247
2418
1296
4878
6465
6525
8132
11087
6433
514
7562
1515
6804
10712
3289
6022
2030
10311
2325
8232
6546
11434
12356
5491
4951
1580
7071
4128
914
2178
11162
1287
1858
9312
3603
9265
11655
849
7294
8841
12474
7262
7295
4412
279
8703
7738
10075
10781
10967
7645
12342
9945
12079
9635
9787
4777
4695
4415
6152
11805
2623
11535
3611
5608
9701
9237
10473
3695
6342
2465
7440
10570
11396
3440
3979
1389
12093
9914
3202
11973
5730
2266
6367
9009
5726
6052
1178
12004
9155
2858
11414
10904
6005
3607
7728
7975
10829
8498
1445
1891
6309
8690
9121
284
6870
760
5663
6842
8366
1697
3851
3648
9827
5479
5132
4260
4110
3487
1722
722
5856
1928
10658
390
4015
10506
4897
3983
7173
46
2647
10996
4567
2687
4030
11026
2616
2200
8947
233
5126
944
1148
10886
4712
8019
5517
10245
528
6534
7901
6535
5480
12048
7537
10409
10231
2931
2859
9179
11764
6767
10548
1099
10947
5402
7786
5588
1968
5151
12091
2138
9494
2433
7677
5321
693
8698
11921
1481
1386
7099
11483
9257
8809
1140
2583
11814
7605
10881
6817
11801
1170
10831
8769
11549
6275
9446
11500
10163
7803
6450
10419
5680
6838
2793
8118
10333
468
8807
7032
603
3170
6668
9622
2047
11332
552
2386
5602
2596
8144
534
8855
4545
1126
5481
7463
11900
298
5867
977
3389
1849
6966
5337
4280
5067
11551
4498
10619
678
9909
9182
7266
6310
2874
10579
7704
9295
6545
4948
7299
7950
10621
6095
4757
1919
1503
7823
5860
3836
416
12030
5787
10296
504
414
9905
7239
1215
5921
11759
3750
9624
1832
1807
6771
5464
6355
5405
9512
761
5575
1344
2373
9385
6514
8452
9445
12204
3347
4652
3065
4891
3320
9745
4766
4019
6078
5493
3838
3756
11349
1853
11280
4730
3791
9396
2402
8644
6097
10208
7150
9868
5319
11981
9392
10638
6967
9513
277
9140
6065
1337
2525
3696
4953
12276
8149
2419
12425
1316
3881
6836
2052
11350
5131
1877
1256
230
9194
7475
4617
7589
7666
3901
4319
11616
5220
3708
6923
4859
12482
5864
4202
11186
4439
7929
5962
10198
6371
7540
1576
10159
333
8888
7515
11988
5442
1917
12483
299
3557
1145
3543
4780
4578
11451
8054
6507
3813
4177
6618
3115
2602
3363
3085
9406
1734
9577
2348
556
1798
10730
10437
8376
978
10594
4465
3046
10701
822
4205
3284
10987
6148
9418
8762
2607
5066
7808
8045
4853
6571
12459
2455
5999
2496
10126
11672
4255
9061
3624
3749
7226
10629
9604
9956
7838
9839
6189
5005
12331
4211
4020
5540
4420
874
9356
1399
4856
3656
7915
3465
10288
4356
11868
2930
8945
5578
6613
7945
2457
2367
1155
11829
2208
4207
3744
2318
8221
8510
12060
366
10536
2902
10151
7939
6824
497
8477
1282
9501
9721
5749
11791
1077
11373
4705
12187
8277
11422
10429
11253
1631
9432
3353
3690
10121
6863
6662
3595
2102
2275
4793
5863
8063
4761
11237
5981
4047
12168
500
2414
8905
457
11869
11066
12034
7703
10308
12001
10262
273
3999
719
8541
6819
1731
6703
10534
9331
3515
11127
7978
12186
11677
9948
8408
809
7268
1423
1777
1992
2205
4178
352
3391
7560
11541
2952
1608
10823
12006
6891
3277
9389
9551
1637
11555
967
12386
7976
6420
7092
12
6212
3368
8048
5172
3551
11002
3147
10175
5270
4247
10818
2219
4432
2706
10490
12271
6917
10411
947
7157
1464
148
1116
4667
3723
5664
10786
1822
11920
2876
10651
3926
9346
2519
1042
91
11969
5030
7228
5370
5562
4223
8046
3349
980
2547
5936
10332
9806
6256
11521
10668
2004
7849
11757
6795
11313
856
9793
8816
4722
9757
6694
7224
5155
1197
3612
251
12197
10176
4462
1096
8040
4473
1094
1161
5604
12046
4045
25
621
1295
5205
12470
3972
10143
7981
10217
7784
5046
9533
5593
9750
7363
10107
10574
8335
6441
1678
5953
1019
2482
3457
11083
8453
7997
2804
6860
988
7025
8390
9362
8554
8555
668
9638
8200
2815
7754
7927
9252
7285
11058
3025
10958
375
1304
11758
8648
12440
2293
6461
7520
4653
10697
3966
8832
12111
10474
3594
10755
3076
7721
10662
1127
8342
7198
11421
7684
7044
2351
8930
611
623
10752
4752
7676
5724
3225
6158
7527
5919
1298
4413
4980
8235
5842
10156
6822
10380
2412
7522
1051
1736
7872
3084
5146
8377
8325
10689
12486
8470
4904
1036
11328
9606
1060
6952
11436
9900
8941
4417
6611
11300
5073
9740
9847
6255
11671
3506
3471
8322
1975
2024
8655
6326
659
12295
9108
8262
5770
2501
9200
1922
5249
9012
7851
4863
1174
11441
6871
8138
3864
7214
847
3582
2472
1288
12407
6133
8799
3993
7656
7508
7058
6221
12224
8597
7836
3476
10858
10323
12387
9999
8636
6505
8013
6727
11056
4542
1996
1573
7289
5637
156
12326
8865
6266
4074
10381
8416
306
1778
2473
9781
3706
3317
2098
3910
2549
11754
1768
1539
9580
8958
2408
4802
10772
9078
9799
10281
467
1771
5536
6132
10004
10357
2639
2038
10555
12082
10753
1237
11660
2840
2264
93
8835
10065
12348
11017
2234
3600
10317
3281
4681
8590
6144
8314
8594
5694
9242
9097
11508
11438
9236
1963
12215
9187
687
12334
10952
10052
7991
4200
9694
3818
3945
4329
5311
10824
5646
1156
10796
5755
4327
4910
7492
9848
12310
