23
27
31
33
39
40
45
52
54
60
63
65
70
72
73
77
78
82
83
90
92
94
99
102
103
113
126
127
128
133
134
138
166
168
185
186
202
204
209
216
220
221
224
240
241
242
246
253
256
260
267
271
281
282
283
292
296
307
308
309
318
322
325
327
329
332
349
351
357
374
378
379
387
397
403
407
408
409
410
412
419
430
431
432
441
442
447
451
461
463
471
472
473
478
480
505
507
508
510
527
530
540
542
543
549
555
558
571
572
582
587
593
595
596
604
609
612
617
619
624
629
632
643
653
663
664
666
669
681
685
695
699
707
714
717
720
725
726
729
731
739
741
747
755
758
766
771
773
775
785
786
790
794
806
810
823
825
826
829
839
841
858
865
866
868
872
889
894
900
901
907
912
913
920
921
925
926
927
933
952
953
965
972
983
986
989
991
996
999
1000
1001
1005
1013
1017
1028
1031
1041
1044
1046
1049
1055
1056
1061
1062
1066
1070
1071
1074
1078
1083
1086
1091
1097
1107
1113
1119
1122
1128
1133
1152
1157
1171
1177
1184
1187
1196
1199
1214
1228
1231
1236
1241
1243
1251
1254
1257
1275
1277
1278
1281
1290
1306
1312
1313
1314
1315
1324
1328
1334
1335
1336
1342
1345
1352
1354
1360
1364
1366
1369
1370
1371
1388
1391
1395
1403
1416
1417
1427
1431
1439
1440
1443
1450
1453
1454
1456
1460
1468
1470
1474
1476
1477
1484
1494
1497
1499
1501
1502
1507
1511
1512
1517
1518
1527
1529
1531
1536
1542
1546
1549
1556
1568
1570
1574
1575
1587
1588
1591
1595
1599
1600
1606
1607
1609
1612
1618
1620
1621
1622
1623
1636
1646
1656
1658
1659
1660
1664
1667
1669
1673
1677
1681
1683
1686
1688
1700
1704
1711
1714
1715
1748
1761
1765
1769
1774
1793
1800
1802
1811
1812
1814
1816
1826
1828
1840
1843
1845
1863
1866
1867
1872
1878
1884
1886
1887
1888
1889
1898
1899
1911
1912
1924
1934
1936
1940
1949
1951
1952
1953
1954
1957
1959
1960
1965
1977
1984
1989
1995
1997
2013
2014
2015
2018
2033
2035
2040
2042
2044
2051
2053
2056
2057
2065
2074
2081
2082
2088
2089
2090
2091
2097
2099
2101
2110
2111
2115
2117
2120
2125
2126
2128
2141
2150
2155
2167
2173
2175
2192
2196
2211
2216
2220
2230
2233
2235
2236
2249
2252
2253
2260
2261
2265
2268
2270
2272
2278
2284
2287
2288
2292
2301
2302
2308
2309
2311
2314
2315
2319
2323
2330
2336
2355
2363
2369
2380
2382
2383
2385
2391
2393
2409
2411
2413
2420
2422
2423
2432
2436
2437
2443
2446
2450
2453
2477
2480
2483
2486
2494
2495
2506
2508
2511
2512
2513
2515
2522
2531
2532
2538
2543
2550
2552
2555
2562
2569
2571
2577
2586
2590
2595
2598
2601
2614
2615
2619
2629
2634
2643
2644
2656
2657
2659
2660
2669
2671
2672
2674
2675
2676
2683
2684
2685
2688
2692
2694
2698
2701
2705
2711
2720
2732
2733
2741
2745
2746
2752
2753
2754
2755
2759
2760
2768
2774
2775
2778
2787
2791
2796
2797
2799
2800
2805
2810
2814
2816
2820
2822
2829
2831
2834
2835
2836
2838
2842
2849
2854
2865
2870
2873
2878
2880
2882
2883
2893
2900
2901
2904
2913
2916
2920
2923
2927
2941
2944
2954
2959
2967
2975
2977
2978
2981
2986
2987
2988
2991
2992
2996
2997
3001
3003
3015
3029
3030
3032
3036
3037
3052
3053
3055
3057
3059
3063
3064
3069
3071
3072
3074
3080
3083
3089
3092
3099
3101
3104
3106
3107
3109
3112
3113
3114
3119
3128
3135
3137
3145
3153
3172
3179
3185
3190
3192
3194
3199
3205
3214
3215
3219
3221
3227
3234
3250
3267
3279
3285
3290
3295
3298
3299
3304
3306
3308
3313
3318
3323
3326
3330
3335
3336
3341
3346
3355
3362
3367
3371
3379
3387
3388
3401
3407
3410
3412
3426
3427
3428
3429
3430
3431
3435
3436
3438
3439
3441
3442
3449
3463
3467
3478
3483
3485
3493
3507
3511
3516
3527
3536
3538
3539
3540
3541
3542
3546
3550
3554
3561
3566
3579
3580
3583
3585
3587
3588
3592
3593
3599
3605
3615
3616
3623
3627
3632
3638
3645
3649
3652
3655
3660
3667
3671
3673
3678
3681
3701
3709
3711
3714
3718
3720
3730
3731
3734
3736
3747
3753
3755
3774
3775
3780
3794
3795
3807
3809
3815
3816
3820
3823
3829
3832
3833
3837
3843
3845
3846
3862
3876
3877
3878
3886
3887
3889
3891
3893
3909
3911
3914
3923
3924
3928
3929
3931
3936
3951
3954
3956
3958
3960
3965
3969
3971
3974
3977
3978
3982
3984
3994
3997
4000
4003
4008
4011
4016
4018
4021
4022
4024
4032
4041
4055
4058
4059
4064
4066
4070
4079
4080
4081
4083
4088
4100
4102
4109
4111
4131
4133
4135
4136
4151
4174
4180
4184
4194
4195
4225
4226
4227
4228
4229
4232
4235
4238
4251
4257
4268
4278
4285
4300
4314
4317
4318
4332
4333
4339
4346
4351
4352
4358
4365
4370
4395
4397
4404
4418
4421
4424
4433
4445
4447
4448
4449
4453
4456
4463
4468
4471
4474
4475
4485
4486
4491
4497
4502
4503
4509
4511
4512
4518
4519
4520
4524
4525
4534
4535
4537
4540
4552
4556
4557
4566
4568
4569
4580
4582
4583
4590
4593
4595
4597
4600
4603
4607
4610
4611
4613
4622
4632
4635
4638
4644
4645
4650
4655
4656
4657
4658
4668
4669
4670
4678
4683
4708
4716
4717
4720
4721
4725
4731
4733
4734
4735
4739
4745
4749
4750
4751
4765
4770
4772
4783
4785
4796
4797
4805
4808
4814
4827
4829
4837
4840
4873
4876
4879
4880
4882
4883
4890
4896
4901
4903
4905
4918
4920
4928
4931
4952
4961
4964
4965
4968
4969
4970
4977
4979
4990
4993
4998
5003
5009
5013
5014
5018
5021
5024
5031
5038
5040
5042
5048
5050
5051
5053
5054
5055
5060
5062
5063
5069
5089
5090
5094
5098
5101
5105
5115
5116
5120
5124
5144
5145
5150
5153
5164
5173
5174
5178
5181
5182
5186
5188
5190
5192
5193
5199
5200
5202
5209
5217
5218
5221
5231
5236
5243
5244
5255
5256
5281
5283
5295
5297
5302
5303
5306
5307
5310
5317
5333
5335
5342
5357
5359
5372
5375
5378
5379
5385
5390
5395
5399
5411
5416
5429
5432
5434
5436
5449
5452
5454
5461
5468
5469
5472
5476
5478
5485
5494
5498
5514
5523
5526
5530
5533
5545
5546
5547
5550
5552
5553
5564
5566
5574
5589
5590
5606
5615
5617
5619
5620
5621
5623
5627
5635
5640
5649
5654
5655
5656
5670
5689
5690
5698
5699
5700
5706
5709
5712
5713
5716
5719
5735
5742
5744
5745
5746
5747
5751
5754
5757
5769
5773
5775
5781
5783
5784
5786
5788
5791
5799
5822
5832
5839
5857
5859
5871
5874
5878
5884
5889
5897
5899
5912
5926
5934
5944
5945
5947
5956
5958
5960
5961
5970
5973
5975
5980
5992
5993
5996
6000
6012
6017
6028
6032
6036
6049
6057
6060
6061
6064
6069
6072
6074
6076
6084
6086
6099
6100
6104
6110
6113
6114
6119
6120
6127
6129
6131
6134
6135
6140
6142
6155
6156
6163
6166
6169
6170
6185
6186
6191
6194
6196
6198
6201
6203
6205
6209
6211
6213
6219
6224
6227
6232
6233
6234
6236
6239
6244
6253
6262
6278
6280
6284
6292
6297
6300
6302
6307
6315
6316
6320
6322
6339
6345
6349
6359
6361
6369
6372
6374
6390
6394
6417
6423
6428
6431
6446
6451
6455
6457
6468
6473
6482
6487
6517
6521
6523
6527
6539
6543
6544
6550
6551
6558
6563
6565
6568
6572
6573
6583
6587
6595
6598
6600
6602
6608
6610
6614
6617
6621
6627
6644
6648
6650
6652
6657
6658
6664
6670
6677
6686
6687
6689
6706
6709
6711
6712
6715
6716
6720
6722
6726
6742
6747
6749
6751
6752
6757
6760
6761
6762
6764
6768
6769
6772
6773
6779
6781
6783
6785
6788
6799
6800
6802
6805
6808
6829
6832
6834
6837
6844
6861
6866
6873
6879
6892
6893
6896
6903
6906
6910
6916
6921
6925
6928
6931
6944
6945
6950
6969
6978
6980
6981
6985
6990
6992
7001
7004
7017
7020
7021
7022
7027
7035
7038
7041
7043
7047
7057
7064
7065
7067
7072
7077
7081
7084
7091
7094
7098
7105
7109
7112
7116
7117
7122
7126
7129
7138
7142
7170
7171
7172
7175
7180
7199
7209
7210
7212
7217
7218
7238
7254
7258
7261
7270
7281
7284
7290
7291
7293
7296
7300
7319
7320
7326
7328
7329
7333
7345
7353
7357
7362
7365
7368
7372
7384
7387
7399
7404
7406
7412
7420
7421
7429
7430
7432
7434
7443
7445
7446
7449
7456
7458
7464
7469
7477
7484
7495
7497
7498
7502
7504
7505
7507
7511
7512
7525
7528
7547
7550
7563
7568
7577
7578
7579
7583
7594
7596
7599
7604
7611
7612
7619
7620
7628
7629
7630
7631
7633
7635
7640
7641
7647
7649
7653
7664
7672
7675
7683
7693
7697
7706
7710
7717
7718
7719
7732
7736
7750
7753
7755
7756
7760
7764
7767
7770
7775
7783
7788
7799
7805
7806
7813
7815
7825
7828
7831
7833
7837
7842
7845
7846
7850
7858
7862
7864
7867
7871
7884
7886
7890
7893
7897
7900
7910
7914
7920
7922
7923
7924
7925
7932
7936
7941
7954
7955
7959
7961
7964
7965
7967
7971
7974
7979
7980
7982
7986
7988
7995
8007
8009
8015
8016
8017
8026
8037
8043
8047
8052
8055
8059
8064
8072
8074
8077
8078
8088
8090
8094
8100
8105
8106
8107
8109
8112
8115
8117
8119
8124
8129
8130
8133
8137
8140
8142
8150
8151
8152
8153
8175
8178
8182
8183
8184
8186
8193
8194
8202
8203
8205
8210
8213
8217
8218
8219
8224
8241
8248
8258
8260
8276
8286
8310
8316
8321
8327
8331
8333
8334
8336
8338
8341
8346
8348
8349
8352
8369
8389
8396
8398
8404
8409
8412
8413
8415
8420
8422
8424
8431
8434
8436
8455
8456
8460
8468
8484
8490
8491
8494
8495
8500
8501
8507
8508
8513
8515
8516
8524
8525
8531
8532
8540
8542
8544
8547
8551
8561
8568
8570
8572
8573
8600
8601
8604
8606
8610
8611
8616
8622
8623
8625
8628
8638
8643
8645
8649
8650
8652
8653
8654
8660
8674
8680
8685
8686
8687
8689
8696
8707
8708
8709
8713
8714
8717
8723
8724
8731
8735
8736
8744
8755
8756
8758
8763
8770
8771
8773
8778
8784
8793
8796
8797
8798
8802
8806
8818
8820
8839
8844
8849
8866
8867
8869
8877
8880
8885
8894
8898
8899
8906
8916
8917
8924
8935
8936
8944
8948
8949
8957
8964
8973
8988
8996
8997
8998
8999
9015
9021
9023
9029
9034
9035
9040
9048
9050
9052
9053
9057
9058
9060
9066
9067
9068
9084
9094
9102
9104
9107
9110
9113
9117
9131
9134
9136
9142
9143
9145
9146
9157
9158
9159
9163
9165
9166
9172
9193
9204
9209
9212
9218
9220
9224
9227
9230
9258
9260
9261
9269
9271
9272
9288
9289
9291
9296
9298
9309
9319
9322
9326
9341
9343
9351
9355
9366
9367
9369
9373
9379
9380
9386
9393
9394
9399
9408
9409
9411
9416
9448
9451
9460
9463
9468
9470
9472
9479
9480
9481
9484
9491
9523
9525
9526
9534
9542
9543
9547
9559
9565
9575
9578
9585
9588
9590
9592
9597
9602
9603
9611
9612
9618
9637
9639
9641
9644
9646
9647
9655
9659
9662
9664
9673
9676
9686
9691
9696
9697
9702
9711
9712
9713
9714
9717
9725
9727
9729
9736
9766
9768
9776
9777
9782
9786
9789
9795
9802
9804
9808
9809
9822
9823
9834
9844
9845
9846
9850
9854
9855
9857
9860
9862
9872
9873
9875
9880
9884
9886
9890
9891
9892
9894
9895
9904
9908
9924
9925
9930
9942
9944
9953
9955
9957
9958
9963
9968
9969
9970
9977
9980
9985
9991
10002
10007
10014
10017
10025
10027
10031
10033
10039
10047
10057
10063
10066
10079
10082
10084
10086
10090
10092
10093
10105
10109
10111
10113
10117
10120
10127
10131
10132
10142
10150
10155
10164
10165
10167
10168
10178
10181
10186
10187
10191
10197
10201
10215
10219
10221
10227
10236
10239
10246
10247
10250
10253
10273
10278
10279
10285
10297
10303
10304
10309
10315
10324
10326
10334
10337
10340
10341
10343
10344
10349
10359
10364
10371
10377
10378
10384
10386
10392
10400
10402
10413
10414
10420
10422
10425
10427
10428
10431
10445
10454
10456
10457
10460
10461
10468
10471
10475
10476
10478
10484
10487
10498
10505
10518
10523
10525
10526
10527
10529
10532
10535
10543
10546
10550
10551
10552
10556
10558
10559
10562
10566
10567
10568
10571
10576
10583
10591
10600
10605
10608
10615
10624
10632
10636
10642
10644
10646
10647
10649
10652
10664
10670
10679
10682
10696
10716
10718
10719
10729
10731
10737
10739
10749
10750
10751
10754
10756
10757
10759
10764
10773
10774
10783
10788
10799
10800
10801
10806
10812
10827
10835
10842
10849
10856
10859
10860
10866
10869
10870
10875
10877
10878
10880
10883
10896
10900
10907
10913
10919
10926
10932
10933
10936
10944
10945
10950
10960
10974
10976
10982
10983
10984
10985
10994
11001
11006
11007
11010
11019
11024
11025
11031
11034
11035
11038
11040
11042
11046
11051
11052
11071
11073
11089
11094
11104
11108
11109
11110
11112
11116
11120
11122
11123
11124
11139
11151
11155
11160
11166
11176
11188
11189
11200
11202
11203
11208
11209
11213
11218
11219
11221
11223
11230
11243
11246
11247
11250
11251
11254
11259
11260
11267
11281
11282
11291
11299
11302
11307
11308
11311
11312
11314
11327
11334
11338
11340
11345
11360
11363
11370
11372
11376
11377
11385
11386
11388
11417
11420
11423
11430
11432
11433
11437
11445
11446
11447
11450
11453
11454
11459
11462
11464
11471
11472
11490
11494
11499
11506
11511
11528
11530
11540
11550
11559
11565
11568
11569
11574
11576
11580
11587
11590
11594
11603
11604
11609
11610
11623
11627
11628
11638
11639
11644
11645
11653
11668
11676
11690
11703
11711
11712
11719
11720
11722
11725
11727
11730
11731
11766
11769
11772
11780
11781
11800
11822
11825
11830
11837
11849
11850
11857
11871
11874
11877
11881
11889
11890
11894
11904
11907
11914
11918
11925
11933
11936
11938
11946
11947
11950
11951
11966
11972
11978
11983
11987
11991
11998
11999
12000
12003
12005
12016
12018
12028
12031
12032
12033
12035
12040
12041
12044
12052
12059
12063
12064
12067
12069
12070
12071
12076
12083
12084
12085
12087
12092
12094
12096
12100
12109
12122
12124
12128
12131
12134
12158
12159
12160
12161
12162
12163
12171
12173
12175
12177
12178
12179
12181
12182
12194
12198
12201
12202
12207
12209
12211
12217
12245
12249
12250
12255
12256
12259
12278
12280
12281
12291
12292
12309
12313
12316
12317
12323
12328
12332
12333
12338
12340
12345
12355
12360
12367
12368
12369
12372
12374
12378
12383
12385
12390
12394
12396
12398
12410
12421
12427
12430
12435
12436
12442
12450
12454
12458
12462
12465
12466
12473
12475
12478
12485
12487
12488
12491
12492
12500
